# Created by Octave 3.0.1, Thu Sep 10 10:08:24 2009 PDT <jwawerla@marvin2>
# name: wait_energy
# type: matrix
# ndims: 3
 3 11 20
 2489.357421875
 2023.320068359375
 2163.027099609375
 2827.224853515625
 2396.244873046875
 2285.76806640625
 2704.498046875
 2500.472412109375
 2634.77978515625
 2898.857421875
 2724.916015625
 2705.6162109375
 2951.813720703125
 2588.713134765625
 2723.946533203125
 3048.9169921875
 2817.604736328125
 2556.56884765625
 3023.6767578125
 3031.948974609375
 2690.408203125
 3105.607177734375
 2475.090576171875
 2817.389892578125
 3099.416015625
 2827.818115234375
 3031.660400390625
 3072.32275390625
 3054.5390625
 2925.8525390625
 3153.4794921875
 3059.138427734375
 3051.372314453125
 2447.549560546875
 2228.716796875
 2069.496337890625
 2709.32373046875
 2225.18701171875
 2088.677001953125
 2763.059814453125
 2677.1884765625
 2628.797607421875
 2865.525390625
 2420.698974609375
 2524.166259765625
 2848.537353515625
 2574.562744140625
 2884.861083984375
 2998.15185546875
 2472.5263671875
 2560.485595703125
 2972.716552734375
 3016.284423828125
 3001.282470703125
 3043.733642578125
 2822.2841796875
 3026.2451171875
 3103.345703125
 2819.63525390625
 3056.974365234375
 3223.96337890625
 3059.50244140625
 2920.64404296875
 3077.310791015625
 2645.4482421875
 2966.51220703125
 2318.9013671875
 1849.100952148438
 1928.073608398438
 2592.783203125
 2125.095458984375
 2392.160400390625
 2816.788818359375
 2451.1181640625
 2437.90771484375
 2990.3427734375
 2823.988525390625
 2429.640380859375
 2948.493896484375
 2674.85595703125
 2718.92138671875
 2964.77490234375
 2799.106689453125
 2765.212158203125
 2965.68701171875
 2873.6376953125
 2883.234130859375
 2806.957763671875
 2916.927490234375
 2884.810791015625
 3154.763671875
 2860.669677734375
 2996.59326171875
 3105.306396484375
 2921.55322265625
 3072.052490234375
 3159.078369140625
 2959.921142578125
 3016.375732421875
 2406.450927734375
 2223.7392578125
 2124.119873046875
 2559.02783203125
 2559.648193359375
 2279.726318359375
 2805.606201171875
 2413.170166015625
 2384.516357421875
 2836.7685546875
 2462.5615234375
 2531.713623046875
 3086.822998046875
 2937.204833984375
 2695.8544921875
 2948.350830078125
 2786.357666015625
 2918.99365234375
 3097.07275390625
 2849.171630859375
 2637.15576171875
 3045.401611328125
 2926.05810546875
 2749.865234375
 3109.930908203125
 2956.450439453125
 2980.6259765625
 3189.9697265625
 2821.252197265625
 3026.095703125
 3052.998779296875
 3123.61279296875
 3210.02490234375
 2329.63720703125
 1985.628051757812
 2248.4990234375
 2647.598876953125
 2270.065185546875
 2514.332275390625
 2833.0498046875
 2455.55029296875
 2455.637451171875
 2907.3720703125
 2771.967041015625
 2653.625
 3017.969970703125
 2794.334228515625
 2798.625732421875
 2882.725341796875
 2825.004638671875
 2759.82568359375
 3067.035888671875
 2649.17041015625
 2857.275634765625
 3174.09228515625
 2736.302734375
 2859.356201171875
 3186.088623046875
 2784.170166015625
 3038.0439453125
 3140.44677734375
 3127.54150390625
 3082.682861328125
 3169.2802734375
 2947.24072265625
 2836.9443359375
 2556.894775390625
 1883.500854492188
 2141.156982421875
 2665.130859375
 2157.991943359375
 2296.2841796875
 2865.8154296875
 2663.858154296875
 2667.0107421875
 2827.402587890625
 2629.954833984375
 2876.83447265625
 3026.20703125
 2696.746826171875
 2558.3310546875
 3044.198974609375
 2852.773681640625
 2765.6220703125
 3034.926513671875
 2990.20458984375
 2893.709716796875
 3017.81396484375
 2899.349609375
 3076.8310546875
 3163.02001953125
 3014.436279296875
 2926.44580078125
 3206.025390625
 2965.284912109375
 3101.645751953125
 3123.9501953125
 3119.426513671875
 2996.770751953125
 2292.308837890625
 2206.66015625
 2388.136474609375
 2658.7587890625
 2286.281494140625
 2517.278076171875
 2760.360595703125
 2608.4619140625
 2277.192626953125
 2733.570556640625
 2686.181396484375
 2651.3544921875
 2981.5556640625
 2801.525390625
 2954.79541015625
 2991.515869140625
 2571.8017578125
 2694.565185546875
 3014.577392578125
 2802.39990234375
 2878.339599609375
 2984.63134765625
 2814.3623046875
 2881.502685546875
 3171.043701171875
 2886.673095703125
 2892.5927734375
 3049.065185546875
 2972.2978515625
 3096.8330078125
 3056.504150390625
 3056.17578125
 2962.91552734375
 2364.822021484375
 2085.52783203125
 2134.106201171875
 2497.00537109375
 2117.700439453125
 2331.754638671875
 2779.186279296875
 2364.36376953125
 2256.009521484375
 2874.965087890625
 2721.399169921875
 2577.760009765625
 2951.3212890625
 2944.72314453125
 2880.9404296875
 3051.99267578125
 2679.130859375
 2446.27978515625
 3109.1904296875
 3068.75390625
 2984.1474609375
 3117.48291015625
 2919.62890625
 2962.233642578125
 3142.983154296875
 2860.0244140625
 3085.358642578125
 3199.449462890625
 2964.927001953125
 2892.458251953125
 3201.201171875
 3062.541259765625
 2906.241943359375
 2520.084228515625
 1883.532592773438
 1457.77197265625
 2587.758056640625
 2227.917724609375
 2447.489990234375
 2719.07568359375
 2878.19921875
 2624.23974609375
 2848.920166015625
 2624.001220703125
 2707.7158203125
 3044.548828125
 2627.866943359375
 2574.347900390625
 2963.632080078125
 2790.878662109375
 2697.345458984375
 3151.453369140625
 2690.560546875
 2842.938232421875
 3097.29736328125
 2852.7451171875
 2814.3896484375
 3103.555419921875
 2917.3955078125
 2824.876953125
 3133.357666015625
 3114.854248046875
 3023.75537109375
 3197.736572265625
 2915.6533203125
 3160.76416015625
 2510.62841796875
 2318.008056640625
 2157.6025390625
 2804.802490234375
 2403.2021484375
 2158.555908203125
 2639.209228515625
 2549.184326171875
 2373.907958984375
 3003.701904296875
 2354.982177734375
 2655.174560546875
 2981.63427734375
 2661.96337890625
 2625.754150390625
 2956.437744140625
 2880.318359375
 3024.3310546875
 3127.7607421875
 3061.470703125
 2867.926513671875
 3140.168212890625
 2849.840087890625
 3128.28076171875
 3196.452392578125
 2985.356201171875
 2928.150146484375
 3204.575927734375
 2959.169189453125
 3147.101318359375
 3063.028076171875
 3014.09912109375
 2957.66357421875
 2277.6337890625
 2187.8154296875
 2646.4462890625
 2366.708984375
 2390.89306640625
 2547.05859375
 2871.362060546875
 2361.938232421875
 2105.85498046875
 2830.165771484375
 2654.732177734375
 2419.990966796875
 2821.579345703125
 2642.5869140625
 2793.009765625
 2910.281005859375
 2966.413818359375
 2886.152587890625
 3134.553955078125
 2786.466552734375
 2898.706787109375
 3018.371337890625
 2868.617919921875
 2933.47607421875
 3265.30224609375
 2991.02734375
 2812.975830078125
 3137.30126953125
 2974.979736328125
 2893.091796875
 3235.15673828125
 2869.188720703125
 3041.067138671875
 2340.064208984375
 2088.982666015625
 2080.625732421875
 2462.518310546875
 2444.69189453125
 2034.952758789062
 2758.489990234375
 2577.17822265625
 2363.150634765625
 2851.624755859375
 2574.363037109375
 2752.130615234375
 2897.468505859375
 2582.818359375
 2681.26123046875
 2994.644775390625
 2810.97900390625
 2994.303955078125
 3139.28466796875
 3064.4638671875
 2905.95458984375
 3057.931640625
 2918.207763671875
 2951.7236328125
 3096.109130859375
 2816.100830078125
 2842.68994140625
 2975.73486328125
 2780.145751953125
 3103.873046875
 3090.70703125
 2849.99365234375
 3055.27099609375
 2591.498046875
 1922.62158203125
 1707.569946289062
 2825.235107421875
 2063.9970703125
 2096.132568359375
 2656.69580078125
 2491.976806640625
 2260.330810546875
 2959.50244140625
 2353.720458984375
 2468.46142578125
 2797.012939453125
 2537.830810546875
 2895.89501953125
 3028.991943359375
 2868.6865234375
 2834.664794921875
 2950.7861328125
 2860.477294921875
 2740.052001953125
 3083.157958984375
 2713.361328125
 3043.893798828125
 3071.140380859375
 2923.235107421875
 3042.141845703125
 3154.804931640625
 2867.148193359375
 2993.20751953125
 3192.98486328125
 2685.458740234375
 3054.372314453125
 2219.93896484375
 2135.337646484375
 2096.71435546875
 2706.318359375
