# Created by Octave 3.0.1, Tue Sep 08 11:36:14 2009 PDT <jwawerla@marvin2>
# name: wait_energy
# type: matrix
# ndims: 3
 3 9 10
 2203.406982421875
 1997.930419921875
 1631.826416015625
 1383.865112304688
 2398.385986328125
 2299.258544921875
 2430.896484375
 2536.9384765625
 2049.1728515625
 2975.411865234375
 2860.58935546875
 2605.0673828125
 2980.650634765625
 2911.7919921875
 2616.142333984375
 2991.869384765625
 3137.867919921875
 2538.399169921875
 3111.669677734375
 2856.1689453125
 2647.180908203125
 3212.61962890625
 3010.145751953125
 2807.703125
 3040.546875
 3064.1484375
 2722.028076171875
 2053.237060546875
 1931.510986328125
 2003.834106445312
 2486.322509765625
 2408.82470703125
 2298.88330078125
 2627.649169921875
 2670.273681640625
 2241.3896484375
 2782.63720703125
 2924.74267578125
 2663.869140625
 2911.762939453125
 2806.699951171875
 2574.166748046875
 2880.1396484375
 2917.057861328125
 2530.165771484375
 3031.373291015625
 3096.335693359375
 2662.232421875
 3228.0771484375
 2985.907470703125
 2778.724853515625
 3019.275634765625
 2916.79638671875
 2712.38818359375
 2369.803466796875
 2054.775146484375
 1787.8056640625
 2375.372802734375
 2291.35546875
 2088.5048828125
 2677.7138671875
 2754.705810546875
 2476.97265625
 2861.319091796875
 2815.6142578125
 2421.64208984375
 2815.781982421875
 2831.862060546875
 2569.3525390625
 2832.299560546875
 2927.6591796875
 2888.28857421875
 3314.759033203125
 3002.935302734375
 2455.33740234375
 3109.546142578125
 2985.416259765625
 2043.910522460938
 3144.16943359375
 3141.255126953125
 2766.48681640625
 2471.65185546875
 2301.70361328125
 2112.44580078125
 2514.811767578125
 2572.40869140625
 2213.37255859375
 2745.333251953125
 2780.623779296875
 2540.2978515625
 2549.76611328125
 2661.220947265625
 2573.897705078125
 2443.73828125
 2933.44775390625
 2613.264892578125
 3179.580810546875
 2910.1240234375
 2833.951904296875
 3169.31201171875
 3043.605712890625
 2772.58740234375
 3221.44091796875
 2959.986328125
 2767.683349609375
 3089.314208984375
 3118.957275390625
 2805.643310546875
 1860.9013671875
 2353.79150390625
 1944.3408203125
 2702.022216796875
 2533.609130859375
 2329.275146484375
 2605.224609375
 2021.378295898438
 2549.89794921875
 2846.479736328125
 2816.167724609375
 2248.169189453125
 3213.98095703125
 2937.7626953125
 2549.1259765625
 2935.041259765625
 2754.69677734375
 2471.703857421875
 3171.658935546875
 3004.544921875
 2571.548095703125
 3209.3798828125
 3109.027099609375
 3032.824462890625
 3063.654541015625
 3111.628173828125
 2741.381103515625
 2287.280517578125
 2029.645263671875
 1730.728759765625
 2012.417602539062
 2618.390625
 2294.089111328125
 2687.38818359375
 2807.82421875
 2593.109619140625
 2734.42138671875
 2823.85693359375
 2255.101806640625
 2836.778076171875
 2953.5732421875
 2719.461669921875
 2911.651123046875
 2998.177978515625
 2734.683837890625
 2975.430908203125
 3025.377685546875
 2802.236328125
 3160.8701171875
 2972.222412109375
 2887.1875
 3025.545654296875
 3163.628173828125
 2911.693603515625
 1227.662353515625
 1843.7578125
 1916.300170898438
 2404.03271484375
 2461.956787109375
 2331.1162109375
 2564.83203125
 2749.472412109375
 2587.53564453125
 2725.7470703125
 2741.102294921875
 2463.849365234375
 2774.718017578125
 2768.160400390625
 2230.5830078125
 2827.62646484375
 2869.873779296875
 2288.806396484375
 3077.330078125
 2875.38232421875
 2612.63916015625
 3265.59033203125
 3006.756103515625
 2802.287353515625
 3237.67626953125
 3006.408447265625
 2716.042724609375
 2340.90673828125
 1907.49609375
 1990.139038085938
 2171.692138671875
 2690.586669921875
 2183.0654296875
 2924.5029296875
 2787.12744140625
 2387.57421875
 2711.0849609375
 2932.56494140625
 2402.6484375
 3039.0205078125
 2764.001953125
 2450.39111328125
 3109.620849609375
 2846.47705078125
 2500.357177734375
 3166.2822265625
 3048.7158203125
 2681.96875
 3089.64306640625
 3078.064453125
 2547.4267578125
 3270.7412109375
 3040.9638671875
 2793.1591796875
 2314.41015625
 2372.443603515625
 1897.734008789062
 2542.43115234375
 2587.099853515625
 2299.746337890625
 2884.45068359375
 2789.953125
 2283.33203125
 2740.421875
 2789.692626953125
 2344.044677734375
 2994.166748046875
 2883.236328125
 2449.669677734375
 2846.48388671875
 3032.8779296875
 2410.149658203125
 3195.41357421875
 2988.279296875
 2842.720947265625
 3124.88232421875
 2889.10302734375
 2634.05126953125
 3148.794921875
 3030.5390625
 2702.73486328125
 1832.050170898438
 2348.81640625
 2282.766845703125
 2508.930419921875
 2410.980712890625
 2244.631591796875
 2782.70849609375
 2743.958251953125
 2154.373291015625
 2772.84716796875
 2747.447021484375
 2351.503173828125
 2912.94384765625
 2488.998779296875
 1920.604614257812
 2970.254638671875
 2827.642333984375
 2460.9072265625
 3085.611083984375
 3007.11328125
 2505.0458984375
 3003.850830078125
 2882.5693359375
 2794.635009765625
 3098.64697265625
 3083.75830078125
 2817.774658203125
# name: wait_flags
# type: matrix
# ndims: 3
 3 9 10
 290
 259
 218
 150
 308
 279
 303
 317
 246
 344
 352
 307
 350
 353
 303
 347
 371
 280
 362
 338
 283
 366
 352
 282
 352
 353
 281
 270
 249
 256
 306
 308
 283
 324
 330
 262
 339
 353
 302
 346
 336
 289
 341
 338
 286
 346
 365
 285
 370
 358
 296
 342
 339
 285
 308
 262
 236
 302
 301
 252
 331
 341
 291
 342
 345
 282
 343
 336
 292
 334
 349
 309
 370
 354
 261
 353
 354
 143
 364
 358
 284
 312
 298
 277
 318
 322
 271
 336
 340
 308
 321
 329
 282
 300
 349
 297
 368
 343
 303
 361
 362
 289
 368
 353
 294
 354
 363
 301
 243
 307
 243
 337
 322
 284
 314
 243
 289
 342
 344
 254
 369
 355
 269
 343
 331
 272
 363
 352
 279
 368
 361
 321
 348
 364
 279
 296
 267
 220
 251
 332
 276
 332
 344
 296
 333
 349
 264
 333
 352
 302
 344
 349
 309
 354
 350
 282
 360
 349
 300
 351
 367
 298
 146
 244
 243
 305
 314
 291
 316
 339
 302
 325
 331
 283
 335
 337
 245
 335
 350
 257
 359
 342
 286
 368
 350
 282
 366
 345
 282
 306
 244
 248
 272
 335
 255
 350
 343
 276
 330
 347
 271
 355
 328
 269
 359
 341
 278
 361
 354
 271
 354
 354
 270
 370
 355
 290
 302
 311
 242
 319
 327
 286
 353
 348
 278
 329
 348
 261
 354
 346
 275
 338
 362
 271
 368
 352
 300
 359
 337
 278
 363
 354
 289
 251
 297
 287
 317
 310
 282
 333
 337
 247
 334
 336
 271
 344
 255
 192
 348
 343
 251
 356
 353
 267
 341
 340
 290
 353
 359
 286
