# Created by Octave 3.0.1, Sat Sep 05 20:31:20 2009 PDT <jwawerla@marvin2>
# name: fixed_energy
# type: matrix
# ndims: 3
 3 19 19
 520.489746
 513.452942
 512.563354
 481.53479
 486.412964
 494.550171
 221.773331
 221.773331
 221.773331
 427.366821
 633.922607
 602.389221
 841.546509
 863.601135
 851.2404790000001
 1158.663696
 1187.674072
 1220.6875
 1335.907837
 1412.092285
 1443.576904
 1468.901245
 1584.39856
 1640.170044
 1530.26123
 1717.526978
 1845.677856
 1623.147949
 1802.619873
 1997.647217
 1646.5896
 1981.390381
 2158.051758
 1730.583008
 2119.844971
 2309.987305
 1863.858765
 2216.758301
 2517.138184
 1980.885132
 2227.388428
 2598.363281
 2045.097534
 2344.599854
 2638.937012
 2221.403564
 2408.585449
 2747.590332
 2310.306885
 2618.197754
 2988.012451
 2364.682373
 2663.341309
 3015.180664
 2563.558594
 2855.605957
 3097.988281
 618.113892
 657.165039
 645.571472
 549.142273
 549.170959
 598.9564820000001
 575.762329
 568.793274
 554.3000489999999
 876.83905
 899.768555
 881.722473
 1244.15918
 1252.063843
 1259.88147
 1410.522339
 1463.758057
 1487.202759
 1595.935791
 1649.473022
 1699.653564
 1727.567383
 1792.999146
 1902.819336
 1781.685669
 2021.760864
 2095.608887
 1889.911987
 2130.063477
 2214.124023
 1948.621826
 2227.822266
 2370.954834
 2047.366455
 2351.851318
 2565.077637
 2098.192871
 2428.776123
 2673.76123
 2262.154541
 2556.25415
 2772.785889
 2347.581787
 2603.598633
 2879.657959
 2434.982666
 2737.491211
 2960.13501
 2526.495117
 2793.375488
 3033.192383
 2597.489014
 2965.553711
 3297.142334
 2563.558594
 2855.605957
 3097.988281
 576.827942
 552.047241
 373.693329
 628.538818
 605.569946
 430.348328
 1034.525269
 1009.484436
 827.946106
 1271.609497
 1273.480957
 1088.881714
 1499.70752
 1489.5896
 1322.603271
 1665.720093
 1690.567871
 1533.928589
 1846.691162
 1884.929688
 1736.466431
 1982.319336
 2053.647461
 1939.938599
 2076.744141
 2183.031494
 2098.295654
 2095.699463
 2272.086182
 2290.328369
 2215.842041
 2458.089355
 2428.458984
 2286.223877
 2602.994385
 2630.30127
 2336.01123
 2614.087646
 2759.007568
 2467.512939
 2757.856201
 2819.012939
 2597.185303
 2677.077148
 2951.942627
 2710.481689
 2904.473633
 3058.55249
 2802.422119
 3073.875977
 3172.225098
 2579.686035
 2907.85791
 3293.380859
 2539.814697
 2855.605957
 3097.988281
 761.478638
 754.411194
 410.534668
 1007.951965
 995.405762
 655.817993
 1257.661987
 1257.260254
 910.380615
 1500.064575
 1471.959351
 1144.583374
 1708.432251
 1697.491211
 1362.084961
 1853.287231
 1893.692871
 1568.518799
 2035.689819
 2073.880127
 1779.482422
 2136.090332
 2256.781006
 1986.020996
 2248.400635
 2390.55249
 2165.143555
 2361.744141
 2527.372314
 2338.073975
 2436.06958
 2639.479736
 2480.66748
 2468.928711
 2741.549805
 2627.302734
 2539.937988
 2844.375977
 2692.088867
 2721.168457
 2830.228271
 2811.343506
 2773.364014
 2943.913086
 2910.000244
 2865.727295
 3149.893066
 3136.648926
 2802.422119
 3073.875977
 3140.982422
 2597.489014
 4152.023926
 3293.380859
 2547.94165
 2855.605957
 3097.988281
 959.910583
 926.13501
 454.747833
 1218.2771
 1168.891724
 706.695801
 1463.456909
 1424.609985
 958.126587
 1683.765625
 1644.534058
 1188.013062
 1906.413208
 1874.960815
 1400.80603
 2073.64624
 2043.305786
 1633.260498
 2227.416504
 2257.219238
 1844.588745
 2341.877686
 2463.389404
 2021.823853
 2389.769531
 2591.211182
 2220.685791
 2548.674805
 2671.063232
 2356.127441
 2619.369141
 2833.718994
 2500.298096
 2681.049805
 2877.538086
 2662.312012
 2748.867432
 2993.55249
 2808.059082
 2878.264404
 2990.303223
 2924.509766
 2987.977539
 3171.134277
 3074.567383
 2865.727295
 3154.217041
 3136.648926
 2802.422119
 3073.875977
 3172.225098
 2586.760254
 2958.108887
 3297.142334
 2516.986328
 2855.605957
 3097.988281
 1131.05957
 1059.151611
 490.878296
 1402.688599
 1310.324585
 744.336243
 1645.107544
 1575.470215
 996.174377
 1890.147095
 1800.854248
 1222.604126
 2069.00415
 2019.426758
 1441.844849
 2245.711426
 2220.088379
 1656.324585
 2413.489258
 2424.787354
 1872.645264
 2535.61084
 2585.405762
 2061.233643
 2646.007324
 2739.254883
 2267.329834
 2716.55957
 2880.021484
 2419.453613
 2767.659912
 2986.456299
 2630.699219
 2867.915039
 3035.079346
 2749.001465
 2974.530518
 3110.747559
 2844.520996
 2959.131104
 3274.325439
 2880.373535
 2987.977539
 3146.431152
 3022.200439
 2865.727295
 3154.217041
 3136.648926
 2787.986084
 3023.299561
 3172.225098
 2597.489014
 2936.954102
 3279.055908
 2515.905762
 2855.605957
 3097.988281
 1332.27124
 1171.790527
 531.184082
 1583.674805
 1417.614014
 785.291565
 1813.047241
 1706.085938
 1036.8302
 2063.64917
 1940.89624
 1264.751465
 2220.993652
 2131.688232
 1485.872681
 2423.209717
 2325.534424
 1698.371094
 2592.524658
 2300.199951
 1916.647217
 2671.73584
 2692.812988
 2114.008301
 2828.206787
 2842.603271
 2293.130615
 2902.194092
 2983.985596
 2428.183838
 2957.801025
 2953.499512
 2604.183105
 3055.608154
 3174.931152
 2827.512939
 3092.947021
 3301.69165
 2970.664551
 2959.131104
 3274.325439
 2880.373535
 2987.977539
 3146.431152
 3022.200439
 2865.727295
 3149.893066
 3136.648926
 2787.986084
 3023.299561
 3172.225098
 2642.613037
 2870.888428
 3293.380859
 2557.660156
 2855.605957
 3097.988281
 1492.838623
 1304.695435
 569.8975830000001
 1754.666382
 1523.366821
 826.407471
 2004.70874
 1776.924072
 1076.641602
 2175.240479
 2003.334106
 1310.904419
 2403.458252
 2238.779053
 1517.392822
 2609.307129
 2438.075439
 1742.101318
 2718.400391
 2622.44873
 1940.689575
 2839.550537
 2728.478271
 2135.908691
 2987.24707
 2940.341553
 2310.897217
 3000.014893
 3041.666748
 2498.8479
 3153.190186
 3149.491943
 2629.553711
 3231.297363
 3358.250732
 2758.303711
 3092.947021
 3301.69165
 2970.664551
 2959.131104
 3248.925537
 2880.373535
 2987.977539
 3153.314941
 3022.200439
 2865.727295
 3154.217041
 3136.648926
 2805.727051
 3073.875977
 3140.982422
 2586.760254
 2947.5979
 3297.142334
 2541.429443
 2855.605957
 3097.988281
 1624.873657
 1342.46582
 611.8230589999999
 1878.461304
 1607.455322
 869.161255
 2144.861572
 1845.871826
 1115.703003
 2346.79834
 2110.613281
 1348.271362
 2568.655518
 2279.521729
 1579.585083
 2709.14502
 2509.098145
 1790.121094
 2876.832031
 2669.85083
 1990.930786
 3023.790283
 2791.150146
 2175.662354
 3146.548096
 3038.710693
 2358.39624
 3196.28833
 3086.85376
 2546.835938
 3312.699707
 3193.972168
 2694.082764
 3230.35376
 3358.250732
 2758.303711
 3092.947021
 3301.69165
 2970.664551
 2959.131104
 3278.843506
 2880.373535
 2987.977539
 3064.525635
 3022.200439
 2865.727295
 3149.893066
 3136.648926
 2802.422119
 3073.875977
 3140.982422
 2579.686035
 2931.305908
 3293.380859
 2555.216064
 2855.605957
 3097.988281
 1784.98291
 1407.718018
 652.929382
 2029.013794
 1616.67981
 905.890076
 2261.128418
 1861.214844
 1157.664307
 2491.552002
 2110.637939
 1398.484375
 2737.165527
 2395.125
 1612.447754
 2884.964844
 2545.87085
 1819.479736
 3061.703125
 2711.444336
 2039.680786
 3177.379395
 2873.860107
 2244.313477
 3299.067139
 3053.944336
 2403.338379
 3363.726318
 3220.176514
 2593.501709
 3276.588135
 3193.972168
 2694.082764
 3231.297363
 3358.250732
 2874.187012
 3092.947021
 3291.76416
 2970.664551
 2959.131104
 3274.325439
 2880.373535
 2987.977539
 3064.525635
 3022.200439
 2865.727295
 3154.217041
 3136.648926
 2787.986084
 3073.875977
 3172.225098
 2579.686035
 2858.787598
 3297.142334
 2563.558594
 2855.605957
 3097.988281
 1844.373657
 1477.305176
 694.584595
 2109.141113
 1677.300537
 951.675781
 2397.655762
 1870.718384
 1198.557983
 2618.668701
 2188.500488
 1417.435791
 2768.930908
 2390.872803
 1660.028687
 2997.557373
 2593.010742
 1864.125488
 3215.259766
 2813.098145
 2077.039551
 3291.11084
 2982.671875
 2244.039307
 3408.867676
 3103.478271
 2471.538574
 3352.845215
 3162.13623
 2593.501709
 3272.395996
 3218.064941
 2694.082764
 3230.35376
 3358.250732
 2874.187012
 3092.947021
 3291.76416
 2970.664551
 2959.131104
 3274.325439
 2880.373535
