# Created by Octave 3.0.1, Mon Sep 14 18:36:53 2009 PDT <jwawerla@marvin2>
# name: replan_energy
# type: matrix
# rows: 1
# columns: 20
 2398.023193359375 2410.555419921875 2418.604248046875 2411.928955078125 2420.717529296875 2342.8828125 2425.3427734375 2413.935791015625 2434.619140625 2420.372802734375 2397.4462890625 2431.472900390625 2410.875732421875 2401.865966796875 2419.8427734375 2389.098388671875 2384.046142578125 2423.175537109375 2383.371826171875 2410.20654296875
# name: replan_flags
# type: matrix
# rows: 1
# columns: 20
 309 310 311 314 314 300 315 314 318 311 311 314 314 305 317 310 308 316 308 312
