# Created by Octave 3.0.1, Mon Sep 14 17:01:09 2009 PDT <jwawerla@marvin2>
# name: meanTaskA
# type: matrix
# ndims: 3
 3 20 20
 6.598166666666667
 6.945777777777778
 7.974791666666667
 7.582805555555556
 9.407138888888889
 8.80636111111111
 7.230291666666667
 9.815277777777778
 10.43166666666667
 8.549361111111111
 10.79745833333333
 10.75183333333333
 8.476458333333333
 10.16358333333333
 10.91388888888889
 9.002319444444444
 11.40559722222222
 10.12004166666667
 9.002055555555556
 12.52379166666667
 10.51747222222222
 9.065555555555555
 9.11773611111111
 11.14597222222222
 9.01136111111111
 11.35226388888889
 12.62179166666667
 8.762236111111111
 13.01131944444444
 11.95166666666667
 9.408083333333334
 12.61141666666667
 12.41595833333333
 4.999930555555555
 6.999902777777778
 9.054027777777778
 4.999930555555555
 6.999902777777778
 9.778055555555556
 4.999930555555555
 6.999902777777778
 8.999874999999999
 4.999930555555555
 6.999902777777778
 8.999874999999999
 4.999930555555555
 6.999902777777778
 8.999874999999999
 4.999930555555555
 6.999902777777778
 9.094319444444444
 4.999930555555555
 6.999902777777778
 8.999874999999999
 4.999930555555555
 6.999902777777778
 8.999874999999999
 4.999930555555555
 6.999902777777778
 8.999874999999999
 6.455555555555556
 8.458541666666667
 7.452611111111112
 6.964055555555555
 8.58238888888889
 7.388472222222222
 7.64675
 10.73394444444444
 10.48691666666667
 7.469569444444445
 9.515513888888888
 9.342888888888888
 7.701263888888889
 10.15969444444444
 12.11491666666667
 8.606194444444444
 11.24981944444444
 9.42225
 8.635833333333334
 12.72748611111111
 12.18768055555556
 8.428902777777777
 11.07080555555556
 12.83502777777778
 9.291416666666667
 11.32263888888889
 12.42836111111111
 9.204430555555556
 12.52056944444444
 11.90593055555556
 8.552708333333333
 10.46990277777778
 11.76268055555555
 0
 0
 0
 0
 0
 0
 0
 0
 0
 0
 0
 0
 0
 0
 0
 0
 0
 0
 0
 0
 0
 0
 0
 0
 0
 0
 0
 6.498402777777778
 6.479472222222222
 6.943597222222222
 6.729305555555555
 7.605861111111111
 9.401763888888889
 7.971347222222223
 8.972555555555555
 9.021527777777777
 8.229402777777779
 11.37325
 9.115958333333333
 7.953375
 10.57455555555556
 10.80645833333333
 8.498152777777777
 11.09573611111111
 11.17597222222222
 8.75075
 11.43901388888889
 11.68594444444444
 7.660583333333333
 11.89823611111111
 11.45326388888889
 9.380680555555555
 11.71963888888889
 12.52727777777778
 9.123847222222222
 11.90698611111111
 12.65273611111111
 9.667097222222223
 11.80897222222222
 12.70925
 0
 0
 0
 0
 0
 0
 0
 0
 0
 0
 0
 0
 0
 0
 0
 0
 0
 0
 0
 0
 0
 0
 0
 0
 0
 0
 0
 6.440041666666667
 8.072194444444444
 7.887583333333334
 6.847055555555555
 10.041875
 8.560527777777779
 8.093999999999999
 8.831236111111112
 8.944194444444445
 8.070083333333333
 9.476083333333333
 9.914805555555555
 9.430999999999999
 12.236625
 10.57093055555556
 8.440902777777778
 11.07209722222222
 11.47872222222222
 9.392972222222221
 11.75520833333333
 10.59688888888889
 8.744666666666667
 11.72123611111111
 10.93918055555556
 9.828819444444445
 12.015625
 12.04895833333333
 9.116291666666667
 11.26463888888889
 12.297375
 9.09838888888889
 12.85041666666667
 13.41552777777778
 0
 0
 0
 0
 0
 0
 0
 0
 0
 0
 0
 0
 0
 0
 0
 0
 0
 0
 0
 0
 0
 0
 0
 0
 0
 0
 0
 6.233569444444444
 7.347652777777777
 8.369680555555556
 7.32025
 8.272347222222223
 10.10506944444444
 8.284527777777777
 9.377055555555556
 9.247277777777779
 8.232472222222222
 10.938625
 10.79754166666667
 8.454069444444444
 11.17006944444444
 11.11006944444444
 7.669472222222222
 11.45518055555556
 10.79083333333333
 8.929291666666666
 9.96373611111111
 11.69073611111111
 9.466083333333334
 10.84066666666667
 11.66715277777778
 9.516194444444444
 11.196125
 12.42225
 9.027930555555555
 13.07059722222222
 13.11558333333333
 9.801236111111111
 12.05381944444444
 11.22798611111111
 0
 0
 0
 0
 0
 0
 0
 0
 0
 0
 0
 0
 0
 0
 0
 0
 0
 0
 0
 0
 0
 0
 0
 0
 0
 0
 0
 6.750083333333333
 6.633416666666666
 7.890236111111111
 7.453111111111111
 8.115055555555555
 8.521027777777778
 8.073694444444444
 10.58066666666667
 10.70908333333333
 7.864041666666667
 10.42463888888889
 11.87334722222222
 9.022152777777778
 10.71416666666667
 9.98625
 8.927430555555556
 11.52084722222222
 10.86022222222222
 8.872861111111112
 12.382125
 11.73427777777778
 8.183736111111111
 11.73593055555556
 12.54465277777778
 9.570152777777778
 12.14668055555556
 12.01686111111111
 9.249638888888889
 12.27058333333333
 12.59036111111111
 9.629652777777778
 13.16547222222222
 12.05859722222222
 0
 0
 0
 0
 0
 0
 0
 0
 0
 0
 0
 0
 0
 0
 0
 0
 0
 0
 0
 0
 0
 0
 0
 0
 0
 0
 0
 4.745875
 8.560486111111111
 9.304625
 7.245069444444445
 8.728930555555555
 10.05194444444444
 7.887888888888889
 10.477125
 8.691583333333334
 7.566333333333334
 11.23265277777778
 10.61208333333333
 8.930541666666667
 11.59352777777778
 12.12816666666667
 8.520180555555555
 9.876208333333333
 10.86345833333333
 8.981013888888889
 11.43698611111111
 11.99834722222222
 8.205236111111111
 11.30491666666667
 11.98808333333333
 9.716083333333334
 11.76955555555556
 11.76152777777778
 8.774680555555555
 11.81968055555556
 12.390875
 8.782430555555555
 12.81438888888889
 11.918625
 0
 0
 0
 0
 0
 0
 0
 0
 0
 0
 0
 0
 0
 0
 0
 0
 0
 0
 0
 0
 0
 0
 0
 0
 0
 0
 0
 6.043166666666667
 7.567180555555556
 8.003277777777777
 6.544305555555556
 7.485444444444444
 8.876972222222221
 7.816958333333333
 9.001486111111111
 8.127180555555556
 8.016083333333333
 10.6285
 9.877277777777778
 8.560111111111111
 12.13559722222222
 11.87955555555556
 8.835430555555556
 10.81202777777778
 9.74538888888889
 8.713694444444444
 12.674375
 12.10222222222222
 9.290305555555555
 11.92788888888889
 12.01363888888889
 9.089347222222223
 11.41047222222222
 12.66994444444444
 9.530152777777777
 12.14188888888889
 11.49
 9.237055555555555
 12.72161111111111
 11.636125
 0
 0
 0
 0
 0
 0
 0
 0
 0
 0
 0
 0
 0
 0
 0
 0
 0
 0
 0
 0
 0
 0
 0
 0
 0
 0
 0
 6.785027777777778
 6.431416666666666
 4.509541666666666
 6.891361111111111
 8.221111111111112
 9.487027777777778
 7.279527777777778
 11.74819444444444
 10.21491666666667
 8.033250000000001
 10.14490277777778
 10.76256944444444
 9.030138888888889
 10.24906944444444
 9.96336111111111
 8.856916666666667
 10.97456944444444
 10.43623611111111
 9.530291666666667
 10.51184722222222
 11.37551388888889
 8.734500000000001
 11.25433333333333
 11.31322222222222
 8.533194444444444
 12.10220833333333
 11.10398611111111
 8.932819444444444
 13.24309722222222
 12.26116666666667
 9.943361111111111
 11.77806944444444
 13.23572222222222
 0
 0
 0
 0
 0
 0
 0
 0
 0
 0
 0
 0
 0
 0
 0
 0
 0
 0
 0
 0
 0
 0
 0
 0
 0
 0
 0
 7.023638888888889
 8.768902777777777
 7.858152777777778
 8.220583333333334
 9.381444444444444
 7.810013888888889
 7.683138888888889
 9.688888888888888
 8.957875
 8.713416666666667
 8.548513888888889
 10.11165277777778
 8.580986111111111
 10.56154166666667
 9.941486111111111
 8.716888888888889
 11.85066666666667
 12.53738888888889
 8.698569444444445
 12.55158333333333
 11.35597222222222
 9.137236111111111
 11.85891666666667
 13.15718055555556
 9.408458333333334
 12.35404166666667
 12.01694444444444
 10.103375
 12.31426388888889
 12.92290277777778
 8.955125000000001
 12.0805
 12.162
 0
 0
 0
 0
 0
 0
 0
 0
 0
 0
 0
 0
 0
 0
 0
 0
 0
 0
 0
 0
 0
 0
 0
 0
 0
 0
 0
 6.404916666666667
 8.302375
 10.44994444444444
 6.313708333333333
 9.534513888888888
 9.838444444444445
 8.14673611111111
 8.895875
 7.449472222222222
 8.217361111111112
 10.58522222222222
 9.012555555555556
 7.761
 10.66590277777778
 10.99048611111111
 8.33625
 12.08347222222222
 11.63769444444444
 9.49348611111111
 11.00229166666667
 11.67268055555556
 8.926236111111111
 11.75252777777778
 11.91748611111111
 9.711083333333333
 12.25211111111111
 11.13147222222222
 9.06936111111111
 12.115375
 11.46443055555556
 9.847347222222222
 11.20026388888889
 12.69673611111111
 0
 0
 0
 0
 0
 0
 0
 0
 0
 0
 0
 0
 0
 0
 0
 0
 0
